markername	chr	bp_hg19	effect_allele	noneffect_allele	effect_allele_freq	median_info	beta	se_dgc	p_dgc	het_pvalue
rs977747	1	47684677	T	G	0.449239	0.994	0.013896	0.0096146	0.1483751	0.95523
rs657452	1	49589847	A	G	0.433876	0.999	0.00767	0.0093844	0.413747	0.639827
rs11583200	1	50559820	C	T	0.446987	1	0.00511	0.0095332	0.5919428	0.118195
rs3101336	1	72751185	C	T	0.614647	1	0.011102	0.0097656	0.2556039	0.964553
rs12566985	1	75002193	G	A	0.498752	0.99984	-0.002387	0.0094235	0.8000333	0.508706
rs12401738	1	78446761	G	A	0.674243	0.99148	-0.016586	0.0104152	0.111278	0.811367
rs11165643	1	96924097	T	C	0.553284	0.997	0.00515	0.0092844	0.5791048	0.771138
rs17024393	1	110154688	T	C	0.969988	0.982515	0.051773	0.0295305	0.0795666	0.23112
rs543874	1	177889480	A	G	0.810811	0.99949	-0.0076	0.0117296	0.5170291	0.077262
rs2820292	1	201784287	A	C	0.471111	0.98763	-0.017948	0.0092888	0.0533315	0.642198
rs13021737	2	632348	G	A	0.803169	0.998	0.037025	0.0124444	0.0029277	0.415001
rs10182181	2	25150296	G	A	0.473525	1	0.018295	0.009279	0.0486485	0.066616
rs11126666	2	26928811	G	A	0.713004	1	0.023697	0.0102577	0.0208792	0.278791
rs1016287	2	59305625	C	T	0.699031	0.99237	-0.014087	0.0105738	0.1827776	0.660864
rs11688816	2	63053048	G	A	0.539988	0.9847	0.020276	0.0095191	0.033168	0.359016
rs2121279	2	143043285	C	T	0.875606	1	-0.003038	0.0152253	0.841843	0.144165
rs1460676	2	164567689	T	C	0.8161	0.994	0.003793	0.0122576	0.7569856	0.515972
rs1528435	2	181550962	T	C	0.62036	0.991255	0.018036	0.0097863	0.0653307	0.545376
rs17203016	2	208255518	A	G	0.813263	0.963	-0.020352	0.0122315	0.096132	0.691067
rs7599312	2	213413231	G	A	0.752615	1	0.026653	0.011193	0.0172555	0.699655
rs492400	2	219349752	T	C	0.578333	0.99882	0.009189	0.0098395	0.3503615	0.846431
rs2176040	2	227092802	G	A	0.644056	0.99934	0.037346	0.0102479	0.0002682	0.001018
rs6804842	3	25106437	G	A	0.55015	0.99	0.00994	0.0092649	0.2833293	0.321602
rs2365389	3	61236462	T	C	0.449327	0.991	-0.014975	0.0096038	0.1189299	0.07294
rs3849570	3	81792112	C	A	0.643411	0.99309	-0.028293	0.0096396	0.0033347	0.263601
rs13078960	3	85807590	T	G	0.818563	0.994	0.020015	0.012616	0.112632	0.224782
rs16851483	3	141275436	G	T	0.91696	0.9902	-0.014404	0.0164441	0.3810635	0.586279
rs1516725	3	185824004	C	T	0.837072	0.98993	0.008179	0.0137697	0.5525208	0.156003
rs10938397	4	45182527	A	G	0.583924	0.99519	-0.030606	0.0093485	0.0010608	0.715849
rs17001654	4	77129568	C	G	0.858612	0.94438	-0.019185	0.0138718	0.1666573	0.279459
rs13107325	4	103188709	C	T	0.938718	0.979671	0.00667	0.0223469	0.7653404	0.680965
rs11727676	4	145659064	T	C	0.924635	1	-0.036454	0.020208	0.0712413	0.657235
rs2112347	5	75015242	T	G	0.598601	0.98621	0.005855	0.0096581	0.544364	0.451145
rs7715256	5	153537893	G	T	0.464531	0.994	0.002363	0.0095842	0.8052559	0.122336
rs205262	6	34563164	A	G	0.731177	1	-0.034077	0.0107889	0.0015857	0.178625
rs2033529	6	40348653	A	G	0.73382	0.99912	0.006297	0.0104609	0.5472019	0.968398
rs2207139	6	50845490	A	G	0.818521	0.99892	-0.018663	0.0117296	0.1115874	0.192731
rs9400239	6	108977663	C	T	0.642561	0.990904	0.007194	0.0098167	0.4636602	0.047072
rs9374842	6	120185665	T	C	0.723965	0.997	0.013555	0.0106053	0.2012034	0.470112
rs13201877	6	137675541	A	G	0.875591	0.97994	-0.029827	0.014328	0.0373674	0.968864
rs13191362	6	163033350	A	G	0.888024	0.99601	0.036681	0.0152568	0.016206	0.171687
rs1167827	7	75163169	A	G	0.443547	1	-0.011586	0.0098352	0.2387893	0.000868
rs2245368	7	76608143	T	C	0.746916	0.73234	-0.014288	0.0137707	0.2994741	0.483344
rs9641123	7	93197732	G	C	0.612045	0.97926	0.007949	0.0095267	0.4040582	0.728427
rs6465468	7	95169514	G	T	0.742778	0.93161	-0.006713	0.0112647	0.5512205	0.36618
rs17405819	8	76806584	T	C	0.692243	0.99812	0.011497	0.0098786	0.2444939	0.20377
rs16907751	8	81375457	C	T	0.879884	0.952	-0.005152	0.0140716	0.7142708	0.954126
rs2033732	8	85079709	C	T	0.731918	0.978775	0.003873	0.0107205	0.7178967	0.131157
rs4740619	9	15634326	C	T	0.467784	0.99911	-0.006546	0.0092497	0.4791304	0.440252
rs10968576	9	28414339	A	G	0.708413	1	-0.023895	0.0102447	0.0196782	0.954635
rs6477694	9	111932342	T	C	0.593079	1	-0.006108	0.009418	0.5166336	0.784649
rs1928295	9	120378483	T	C	0.563036	1	0.006674	0.0092095	0.4686427	0.776978
rs10733682	9	129460914	A	G	0.508884	1	0.004541	0.0095245	0.6335251	0.018014
rs7899106	10	87410904	A	G	0.953885	0.99715	0.006811	0.0233702	0.7707151	0.520293
rs17094222	10	102395440	T	C	0.795546	0.98164	-0.003571	0.0116601	0.7594083	0.293058
rs11191560	10	104869038	T	C	0.889195	0.9997	0.074355	0.014278	1.91E-07	0.1186
rs7903146	10	114758349	C	T	0.724106	0.99974	-0.033092	0.0103902	0.001448	0.085563
rs4256980	11	8673939	G	C	0.609164	0.99865	0.015188	0.0095288	0.1109585	0.277841
rs11030104	11	27684517	A	G	0.778401	1	0.027672	0.0109855	0.0117705	0.128307
rs2176598	11	43864278	C	T	0.734895	0.99837	-0.026064	0.0111278	0.0191686	0.683403
rs3817334	11	47650993	C	T	0.612169	0.995004	-0.000355	0.0095386	0.9703118	0.243954
rs12286929	11	115022404	A	G	0.500213	1	-0.001802	0.0094202	0.8482976	0.587105
rs7138803	12	50247468	G	A	0.628497	1	-0.008175	0.0094745	0.388225	0.913045
rs11057405	12	122781897	G	A	0.91819	0.931365	-0.013737	0.0191598	0.473392	0.264478
rs12429545	13	54102206	G	A	0.855312	1	-0.010619	0.0129343	0.4116494	0.772203
rs9540493	13	66205704	A	G	0.474785	0.985055	0.005837	0.0095006	0.5389622	0.236431
rs1441264	13	79580919	A	G	0.614899	1	0.005096	0.0096603	0.5978315	0.456656
rs10132280	14	25928179	C	A	0.717836	0.969	0.012169	0.010664	0.2538159	0.075988
rs12885454	14	29736838	C	A	0.648168	0.992067	0.014502	0.0096711	0.1337403	0.184405
rs11847697	14	30515112	C	T	0.945283	0.959	-0.06412	0.0217017	0.0031306	0.423723
rs7141420	14	79899454	T	C	0.528772	1	0.006906	0.0091432	0.4500599	0.089038
rs3736485	15	51748610	A	G	0.49754	0.98877	-0.001591	0.0095777	0.8680666	0.390433
rs16951275	15	68077168	T	C	0.741415	0.999	0.013412	0.0106531	0.2080401	0.451754
rs7164727	15	73093991	C	T	0.369414	0.992	-0.021585	0.0097689	0.0271355	0.440744
rs758747	16	3627358	C	T	0.705626	0.853	-0.005929	0.0107694	0.5819467	0.936244
rs12446632	16	19935389	G	A	0.876867	0.9965	-0.00897	0.0149255	0.547849	0.440079
rs2650492	16	28333411	G	A	0.753882	0.8925	0.011819	0.0122282	0.3337771	0.618333
rs3888190	16	28889486	C	A	0.651019	0.9845	-0.019161	0.0101002	0.0578162	0.001961
rs4787491	16	30015337	A	G	0.488575	0.983	0.007251	0.0093431	0.4377002	0.502495
rs9925964	16	31129895	A	G	0.644803	0.999	0.008349	0.0101426	0.410415	0.925333
rs2080454	16	49062590	A	C	0.609687	0.988	-0.013959	0.0096722	0.1489626	0.444701
rs1558902	16	53803574	T	A	0.619998	0.999	-0.029804	0.0096168	0.0019407	0.055538
rs9914578	17	2005136	C	G	0.766353	0.999	-0.039991	0.0107563	0.0002009	0.771975
rs1000940	17	5283252	A	G	0.662897	0.99	0.014538	0.0098395	0.1395382	0.76633
rs12940622	17	78615571	G	A	0.590261	1	0.01627	0.0094539	0.0852532	0.854604
rs1808579	18	21104888	T	C	0.47604	0.985	-0.003676	0.0092334	0.6905407	0.193657
rs7239883	18	40147671	A	G	0.612044	1	-0.001609	0.0095408	0.8660763	0.509458
rs7243357	18	56883319	T	G	0.813139	0.983365	-0.00405	0.0117774	0.7309379	0.87626
rs6567160	18	57829135	T	C	0.745694	0.995	-0.057739	0.0105597	4.56E-08	0.517205
rs17724992	19	18454825	A	G	0.706229	0.9844	0.013899	0.0102186	0.1737779	0.152242
rs29941	19	34309532	G	A	0.642329	0.99849	0.004531	0.0098297	0.6448355	0.550378
rs2075650	19	45395619	A	G	0.865123	1	-0.071112	0.0148255	1.61E-06	0.001731
rs2287019	19	46202172	C	T	0.81742	0.9612	0.039053	0.012868	0.0024063	0.327357
rs3810291	19	47569003	G	A	0.407732	0.915	-0.024594	0.0103696	0.0177046	0.299245
rs6091540	20	51087862	C	T	0.722853	0.99963	0.002356	0.0101524	0.816488	0.926231
rs2836754	21	40291740	T	C	0.455246	1	0.007723	0.0095191	0.4171819	0.800915
